1.12
0.8166666666666667
0
1.54
19.78888888888889
1.44
3.6171428571428574
13.449999999999998
1.96
0.07500000000000001
0.44
0.46
2.302857142857143
0.15
0.1
0
0.1
0.14
1.06
2.984126984126984
0.36
0
0.05714285714285714
0.14
0.52
13.7
5.0
0
1.16
0.1
0.32
5.380000000000001
1.8142857142857143
0.26666666666666666
21.930000000000003
6.06
11.362499999999999
0.6257142857142857
1.26
5.930000000000001
4.4
2.5333333333333337
1.5428571428571427
2.04
3.0800000000000005
7.255555555555557
1.35
0.14285714285714285
0.5942857142857143
2.8
0
0.24
0.3
0.92
3.72
5.3999999999999995
0.2
2.78
2.24
2.257142857142857
2.04
8.040000000000001
0.62
7.959999999999999
5.174285714285714
0.5428571428571428
0.12
1.9457142857142857
0.42
2.7111111111111112
0.3
0.2571428571428571
0.08571428571428572
1.6742857142857142
0.36
3.4
0.5
0.6
1.62
9.96
1.86
3.5
0.92
0.98
1.88
2.92
0.07142857142857142
0.82
5.557142857142855
10.74
6.451428571428572
1.4600000000000002
0
1.62
0.84
0.06
2.2600000000000002
0
0.5714285714285714
0.14
